 708
 543
 707
 222
 369
  94
 762
 667
 780
 865
 960
  81
  76
 632
 897
 123
 765
 999
  21
 111
 166
 213
 918
 372
 934
 606
 288
 965
 322
 726
 114
  25
 101
 517
  82
 827
 502
 514
 489
  57
 696
 486
 646
  88
 279
 975
 685
 249
 165
 416
 498
  55
 403
 293
 421
 963
 900
 210
 470
 273
 678
 122
 638
 853
 996
 438
 601
 974
 779
 888
 464
 389
 652
 903
 162
 431
 112
 245
 670
 409
 255
 451
 340
 251
 139
 907
 447
 592
 323
 833
 522
 187
 549
 589
 751
 725
 179
 786
 277
 443
 684
 206
  52
 327
 576
 858
 734
 770
  86
 155
 417
 680
 508
 261
 799
 209
 128
  69
 578
 969
 624
 961
 998
  14
 826
 267
 812
 610
  66
 706
 908
 731
  26
  67
 330
 594
 216
 536
 259
 257
 613
 735
 935
 237
 212
 982
 861
 185
  91
 376
 481
 127
 357
 626
 383
 564
 338
 324
 628
 590
  40
 880
 944
 636
 879
 533
 914
  72
  19
 246
 956
 597
 516
 430
  79
 365
 911
 208
 504
 521
 989
 174
 863
 199
 958
 136
  75
 904
 746
 815
 599
 666
 487
 698
 446
 862
 545
 200
 583
 512
 830
 894
 885
 617
 737
 886
 665
 876
 906
 432
 106
 491
 478
 793
  10
 612
 857
 228
 391
 661
 457
 241
 233
 715
 764
 523
 796
 902
 410
 677
 282
 171
  61
 371
 986
 140
 263
 503
 381
 455
 143
 352
 872
 848
 234
 492
 555
 839
 368
  39
 814
 318
 808
 332
 507
  71
 977
 995
 395
 178
   4
 509
 864
 290
 702
 150
 244
 518
 675
 932
 962
 978
 117
 546
 887
 351
 749
 627
 309
 634
 196
 966
 774
 740
 441
 657
 382
 717
 821
 647
  65
 548
 820
  29
 362
 307
 285
 850
 755
 182
 800
 890
 469
 551
 400
 221
 298
 984
 274
 580
 529
 272
 299
 407
 767
 124
 743
 957
 485
 841
 453
 366
 121
 312
 231
  68
 964
 849
 816
 988
 360
 614
 325
 133
 910
 801
 630
 773
 103
 339
 346
 471
 513
 658
  74
 693
 458
 771
 802
 510
 229
  46
 202
 265
 566
 334
 640
 811
 739
 181
 994
 254
 747
 397
 643
 204
 316
 148
 979
 281
 138
 716
 557
  60
 399
  13
 348
 195
 353
 600
 828
 649
 917
 554
 445
  97
  54
 936
 928
  92
  11
 530
 878
 497
 983
 343
 973
 834
 158
 691
 328
 118
 620
 582
 344
 930
  87
 791
 289
 967
 235
 692
 682
 690
 901
 925
 280
 444
 795
 194
 997
   1
 676
 641
 653
 732
 955
 701
 845
  48
 304
 742
 116
  36
 474
 859
 703
 354
 763
 923
 308
 922
 561
  73
 130
 113
 535
 947
 286
 496
 919
 823
 943
 565
 488
 493
 637
 519
 393
 881
 544
 775
 214
 412
 596
 460
 532
  49
 719
 939
  63
 899
 668
 768
 916
 119
 100
 635
 224
 534
  89
 375
 186
 722
 727
 314
 673
 753
 805
 711
 260
 662
 484
 623
  37
 744
 278
 940
 256
 364
 253
  24
 931
 642
 789
 895
 156
   5
 913
 794
 873
   7
 754
 269
 921
 694
 177
 619
 359
 822
 884
 882
 648
 700
 608
 275
 587
 556
 948
 656
 506
 586
 714
 414
 540
 271
 347
 135
 230
 361
 310
 520
 672
 699
 134
 411
 976
 528
 598
 192
 392
 225
 585
 243
 303
 622
 250
 461
 107
 424
   3
 242
 427
 572
  50
 810
 145
 355
 875
 550
 515
 319
  77
 379
 422
 302
  44
 146
 137
 761
 674
 559
 607
 482
 102
 817
 760
 173
 877
 571
 838
 738
 787
 609
 664
 284
  58
 745
 276
  90
 832
 294
 621
 736
 266
  38
 385
 655
 240
 110
 388
 558
  15
 570
 874
 499
 568
 785
 809
 198
 434
 405
  64
 203
  34
  31
 993
 418
 164
 169
 356
 159
 408
 927
 866
 331
 227
 483
 987
 604
 479
 563
 896
 730
 247
 625
 151
 176
 526
 270
 126
 336
 836
 959
 772
 205
 459
   9
 851
 629
 905
 236
 218
 525
  98
 217
 980
 120
  28
 972
 679
 384
 423
 258
 867
 125
 584
 945
 575
 189
 373
 990
 144
  45
 129
 574
 495
 426
 856
 752
  43
 291
  53
 170
 971
 724
 345
 688
1000
   6
 440
 329
 315
  17
 645
 149
  70
 840
 109
 562
 553
 825
 161
 611
 448
 454
 953
 239
 456
 398
 201
 370
   2
 501
 593
 776
  33
 313
 985
 946
 560
 588
 436
  18
 952
 168
  84
 769
 300
 869
  59
 871
 644
 238
 669
 505
 104
 806
 757
 843
 337
 797
 452
 803
 472
 433
 756
 686
 807
 152
 798
 207
 829
 681
 615
 197
 211
 184
  95
 868
 321
  16
 683
  22
  20
 396
 494
 511
 317
 915
 295
 439
 595
 335
 420
 419
 442
 527
 942
 567
 524
 358
 689
 687
 790
 704
  85
 305
 783
 190
 349
 463
 819
 784
 577
 172
 728
 154
 788
 406
 404
  27
 219
 718
 573
 846
 721
 891
 153
 804
 654
 387
 415
  30
 183
 954
 766
 741
 883
 105
 579
 938
  56
 697
 180
 132
 750
  83
 909
 651
 912
 252
  93
 167
 992
 283
 377
 539
 465
 705
 968
 854
 160
 920
 605
 981
 782
 115
  62
  47
 729
 937
 844
 223
  51
 759
 824
 547
  96
 394
 710
 232
 758
 476
 475
 855
  78
 991
 970
 924
 108
 333
 191
 500
 226
 157
 175
 695
 818
 837
 712
  42
 193
 437
 616
 949
 835
 781
 163
 950
 671
 367
 541
 326
 542
  35
 842
 569
 792
 941
 342
 926
 264
 889
 220
 893
 467
  41
 650
 531
  99
 847
 374
 777
 297
 468
 490
 435
 477
 480
 306
 390
 292
 659
 215
 933
 870
  12
 813
 602
 296
 268
 428
 929
 537
 425
 618
 287
 733
 748
 188
 723
  80
 639
 262
 892
 852
   8
 429
  32
 350
 552
 660
 473
 320
 709
 142
 591
 603
 951
 413
 581
 402
 301
 147
 713
 450
 378
 311
 538
 380
 663
 363
 462
  23
 401
 386
 898
 633