8347
4360
3594
4329
9133
8161
3626
5215
3243
9104
7716
9462
1282
6485
3465
8390
3859
5988
1220
8923
9392
8408
4042
4178
9935
7861
6683
4409
1168
3596
6177
8455
9565
5428
8935
7556
6502
6122
7800
1723
628
8344
5615
8333
6166
7953
4168
912
8998
2784
254
4322
8275
6844
8557
3901
3675
1127
9202
5590
5455
8074
9442
5286
2079
6322
8884
1940
1573
1098
9107
351
384
1619
7512
5943
1747
5466
2642
1022
8024
3895
9482
5452
8605
9696
1687
4029
2274
8410
5387
3890
2010
8755
5025
8387
2902
8535
738
2775
6515
6621
6825
742
374
6042
3389
6463
8599
6622
8398
4696
2089
7941
6490
3178
3128
6083
116
6110
6220
5474
8709
2184
6819
2369
8407
2573
5569
7641
5457
3542
3033
1514
5942
4897
868
3767
6970
5201
6059
6226
1265
3555
1683
1803
3090
3107
4476
9255
4280
2643
297
8576
8781
4028
5108
8450
9478
8543
9801
780
3438
8020
7664
6616
7627
9523
7482
4355
8825
657
5223
337
6416
5905
8168
743
8133
4598
9146
8597
9549
8709
1942
3032
3382
8977
2688
9150
8744
9708
7604
7525
2827
1707
6417
4308
4759
9705
6836
664
4292
1685
890
436
1070
4347
6727
9195
468
3116
6305
1797
3320
2020
3876
5571
5877
930
3674
6566
8911
9890
5163
4096
8329
6762
8212
1384
4173
668
6426
4301
6622
5079
5990
2840
7418
5399
5936
7778
651
2480
320
4588
5053
3371
7402
6813
3589
9611
2936
9064
765
8465
5041
9525
6112
6385
773
8465
1231
8481
2381
296
2240
9010
3267
1526
4031
8746
6961
8522
2409
7179
9166
6383
910
6470
3351
2362
6854
72
9283
5920
342
3763
8172
8869
4130
2586
2822
7172
6335
2158
2368
4832
9713
1395
5269
7343
2382
7293
2493
6992
3214
6699
4098
490
5606
3155
6268
9040
6935
2633
4495
1572
2799
6835
5556
1114
5581
7720
4283
9001
8394
1298
2297
9376
6486
3762
9523
6290
7763
9294
6887
6482
4411
2001
3953
6883
789
8804
7023
3133
473
8582
9847
5492
3320
9573
1998
9636
1027
3586
2023
3961
6353
1813
4826
3242
9925
9213
7498
9893
7171
4264
2972
842
7294
3764
4406
8213
6990
1926
4412
7446
9042
6741
9146
3102
7117
3981
9390
8582
887
8263
5097
1351
4519
8072
9051
2649
3250
2561
2771
2140
1303
9143
6618
8120
4679
7386
5523
7183
1122
1783
2591
6788
8378
3876
8520
2688
9360
9647
2382
3758
4964
1171
9882
4679
4069
9100
8804
6861
1785
596
7467
42
1189
7184
3260
3243
4592
4531
7822
3551
7259
6023
3468
7269
5216
9183
5548
461
8360
9565
7793
6693
8421
9036
2953
5422
6794
2739
3725
9137
2255
6357
1386
9782
5968
1525
3449
3640
2166
945
7571
6870
7064
472
8698
3033
2941
878
5739
9447
8509
232
1082
470
9773
8855
6559
1193
2293
6162
4263
6174
4191
2378
2036
4459
7042
8243
803
6693
8481
1745
5971
9933
7562
1666
592
6068
7251
6072
6974
1105
4075
9916
2213
7966
9646
9346
9905
6318
3744
6819
7033
4316
8000
6852
7074
8718
2951
9716
10
9801
2943
150
9073
6017
2224
5077
7069
6273
3233
1765
5776
2542
8778
667
1154
2665
2881
4073
8278
4027
2262
7403
201
5300
7369
2965
9294
2198
8845
7619
9834
9331
3368
9762
5497
1447
2375
5416
5271
5446
7821
5558
6472
9309
7122
8867
1013
9127
8541
5508
9039
8306
5154
6618
4044
5195
5577
1493
8
5026
3235
3457
1130
8402
7603
4372
1715
3042
2360
623
3243
2816
7374
6156
6429
5538
1178
7109
2760
2678
6428
207
8645
8010
1531
4032
9917
6706
5573
6035
7421
8187
6367
3103
9317
7004
1703
8742
8412
5782
1080
8635
666
7412
7422
9717
440
4847
2522
7891
3893
9048
944
2057
1134
4368
6088
5496
438
3240
1132
8831
277
4768
4788
8721
9333
9550
7557
2797
5856
7078
9654
8233
2554
6729
5889
6356
222
5678
6007
1362
1935
924
3462
1831
4178
6530
866
2753
2304
6981
6801
8234
5798
3759
3824
8264
9043
8710
4277
2680
6969
3320
7067
3090
2627
439
8326
4983
5078
1331
5509
5886
6391
223
5257
9993
1657
7058
187
4673
4537
2669
3170
1706
4156
8675
1064
9153
7508
1268
623
7198
6925
7860
1057
8167
3969
8502
629
5721
1447
3913
2166
4306
2717
516
4896
8917
7728
8370
8452
179
7209
5693
853
8320
8298
3442
4475
6390
8611
9943
7625
1633
8551
3949
1698
2319
7126
1481
3428
4158
5529
4435
5202
647
6554
9785
6072
3074
7032
9870
8155
6204
8430
7580
6873
6093
2389
1384
4357
3315
8243
6354
7175
6805
7273
1495
8718
1482
3870
6784
2252
3526
4376
6825
3308
1538
206
3326
5368
6172
7798
6889
4418
3408
3003
592
2967
4768
546
6955
8236
7454
1929
6512
4016
3894
5903
1577
1819
7811
2393
9172
1671
9529
231
331
8490
6486
3091
6490
7390
8889
40
8061
4747
8805
9421
221
3365
5682
5137
3242
1220
9893
9170
815
4708
7916
5298
9292
8177
3783
3257
142
9413
9816
4537
4175
5552
4436
8086
8870
1640
5002
3416
3656
7716
6831
3303
1897
278
8523
2691
4398
4980
2150
3381
815
2484
1570
2551
8788
6920
9774
3940
2828
595
3081
4674
7510
4837
3623
5776
13
1557
650
9018
7192
3027
5113
2964
2962
3801
6302
9557
2919
8356
7654
4010
9922
2542
6313
6935
9476
8561
5340
7806
6881
3541
182
3302
5008
232
5439
7494
7783
8456
8423
2980
5435
1424
698
9543
7542
1922
8899
516
4148
452
8477
5263
2706
3188
3709
8036
9691
3528
8176
643
3310
5354
2479
8105
1097
7502
797
2479
9657
7100
7159
1649
6723
6186
6870
3065
8194
5752
3325
6874
9742
1676
8959
9531
9390
8025
6926
7996
5137
8943
9209
1538
3412
1749
1809
8212
944
6797
8217
29
3611
6469
2177
7208
10000
1093
